,a,b,c,d
2018-01-01,1.2759728538595825,1.714974502646013,-0.007286658920649066,0.6294363768336398
2018-01-02,4.008584405287523,1.6114876383474184,-0.27930782574411794,1.8073093221200849
2018-01-03,4.5597633129338515,1.8558244778663757,-1.445769594840988,2.894123863226417
2018-01-04,3.7382886171309964,3.5078294280529345,-1.4775288171514114,4.134764179312631
2018-01-05,4.047156802520325,2.222529968076313,-2.277385778812806,4.003235495090798
2018-01-06,3.408888225224373,2.1916180251992428,-1.9553788610554932,4.350415498301018
2018-01-07,2.7763995675081836,0.7112620509883036,-2.7570784124019734,4.144101837609706
2018-01-08,3.7329813305882364,0.681954934487981,-1.5663430814695949,2.6308293735721735
2018-01-09,4.978065360391598,1.414585001680173,-2.8202129259701616,1.1641787752124215
2018-01-10,4.301272265208254,2.1102302404736686,-3.049229671607204,0.7839830903448851
2018-01-11,5.355070514117282,0.22672528035154293,-2.8304226558474275,-0.0899201741281056
2018-01-12,3.9954904019789366,-0.30644943510341693,-2.6266216627600865,-1.710281892241158
2018-01-13,3.9361172315066164,-0.6432262297435953,-0.8421474165581142,-1.663118934468168
2018-01-14,2.9464430276643365,-0.9869005790595222,0.7279948592968359,-2.8592656312993645
2018-01-15,3.667869183502778,-0.49863532801713467,1.4102843098943638,-2.405934112953756
2018-01-16,3.1894727375047096,-0.43061190266166827,1.3560665328491524,-3.8303831879145758
2018-01-17,4.091414749074123,-0.12467593867434018,0.5738716662337767,-2.860871953889133
2018-01-18,3.6848207774860664,0.7038785405747034,0.8914623144105513,-2.1732001909359586
2018-01-19,3.4662131938187684,-0.09802758166542935,1.4373501526702022,-2.8124090515564193
2018-01-20,1.7709824314782476,0.29633241460769016,1.0548863771380965,-2.7453664601768786
2018-01-21,0.6526973016465991,0.5370424323430223,-0.4009244251066817,-4.589226016333418
2018-01-22,1.1077499914860647,-0.16589016332616524,-0.09315586349878213,-4.4145812534365
2018-01-23,1.845329830126722,-0.15723027605329204,0.8649635939740505,-4.645557654247785
2018-01-24,2.6098245874599906,-0.035357135398287956,0.8234824523123195,-4.461384206417787
2018-01-25,-0.09267237733433609,1.1771651452761418,-0.38397152898576603,-4.060669201147938
2018-01-26,-0.4480798381236177,1.0657674214358037,0.2092577506663127,-2.244449842456254
2018-01-27,-1.357721751357173,1.2543260142736778,-0.3965290739840477,-2.0663890498348936
2018-01-28,0.4146003055424967,0.9926402520902478,-0.19129589490264834,-2.732125015184325
2018-01-29,1.4766673039172464,0.8905111396160096,-0.29258898827694835,-1.8240524904551707
2018-01-30,1.2717648641680406,1.5900674031506556,-0.4352966920504129,-0.5680169943026421
2018-01-31,1.5657638452543015,1.1570544171910355,-0.723016835571721,0.949566003084622
2018-02-01,2.390083237504385,1.5223628043791506,-2.731145101357741,3.7490158177461153
2018-02-02,1.375801551398443,1.1426268634891017,-3.3654520065800115,4.095861935465305
2018-02-03,1.140822994886436,1.507488779082863,-2.247623862562209,3.975850688025477
2018-02-04,2.351070073419082,3.7094151213609896,-2.5987465502568194,4.596714850229505
2018-02-05,1.8916151165000055,3.5938120136058993,-3.938329912267924,4.1911759764622
2018-02-06,2.8521466720593027,3.619794876615876,-2.7568710114738817,3.6818937919071475
2018-02-07,3.9395963221466337,3.2217440053002018,-2.5159725678334963,2.076569411534436
2018-02-08,5.411594025037475,3.8699682078114583,-2.213723948414556,2.692945352134121
2018-02-09,5.426540396109421,3.6936592695503343,-1.9782752451003052,1.6162296329155146
2018-02-10,4.831299824283732,3.9989453292739605,-2.617354192271238,1.0660537820757028
2018-02-11,6.390717117610552,4.4693470567401645,-1.1781509454895878,0.7481613588986649
2018-02-12,5.516729455360802,4.484131659864947,-0.29872992319131775,0.6774009306053248
2018-02-13,6.38238762884196,5.5333839841589825,-0.7185991134399525,1.299712428725459
2018-02-14,6.4322813888095505,8.770801974402495,-2.094125318331469,0.9081496316538682
2018-02-15,8.548355977216588,8.884395970755122,-4.207066129535287,1.0651651580821597
2018-02-16,9.684204574199033,10.916982617571072,-5.362437456994915,0.5503311685688197
2018-02-17,9.954969564343582,10.927790275525092,-4.748129153151983,1.9741127211219536
2018-02-18,10.853232421425997,9.994094352086913,-4.807211729688095,2.6870996457987646
2018-02-19,11.255661473657026,11.058869233661586,-4.445980877022724,3.129363914433735
2018-02-20,11.416887066925732,11.744709608703353,-3.5500149994096315,1.809923108708036
2018-02-21,9.342082196552585,10.559591030208471,-2.911308659513611,2.7495564632208285
2018-02-22,10.498193163464965,9.896598100381754,-4.7463005160711225,4.290583133376272
2018-02-23,9.929138099696962,10.822212718888743,-4.127182238228248,3.522813937434666
2018-02-24,11.726855051846455,10.361247789553682,-3.740370521422907,5.069780869927268
2018-02-25,11.812785831585456,10.099760655165483,-1.66252468986852,5.699632425234935
2018-02-26,12.093159103530496,11.869811187995296,-1.5360915801768649,5.036021909764548
2018-02-27,11.923545663200573,11.046827766477463,-0.8096123244144762,5.3025822972154115
2018-02-28,12.881053825588154,12.040155039758616,-1.5027769970289087,4.868010315176373
2018-03-01,12.892494172818818,13.132361926413449,-2.4281663422403734,7.28774823283132
2018-03-02,13.654577488158916,11.928508420185997,-2.9976497796004216,6.502719316362747
2018-03-03,14.966445124422634,13.782465493233659,-2.6149148273166127,5.8423705769552265
2018-03-04,14.458379890067839,12.3689339399713,-1.742649647812779,4.890099391063915
2018-03-05,14.64734971538865,11.999713729614957,-4.120124135663025,5.765470589624905
2018-03-06,12.793490896338486,12.093348954294305,-3.802848860118135,5.781557674918089
2018-03-07,12.122926765798903,12.632205104877267,-4.801812440003462,6.405536916882667
2018-03-08,12.158133231255267,13.853591446551876,-5.537461414474091,5.899737993703929
2018-03-09,14.159508673068446,13.49583094689372,-3.762957662830882,7.555294874314301
2018-03-10,15.620875251958358,13.770570331323041,-4.247548064602624,6.994799874987663
2018-03-11,15.248153434201804,15.571954135871293,-3.3137064382700707,7.73271329373428
2018-03-12,13.431391507297853,15.62601326055684,-3.9948809470116045,7.373508080314864
2018-03-13,11.473500418496881,15.971207159271083,-3.5824637318673456,7.28417772348298
2018-03-14,9.802989901879782,14.166463966255535,-3.776874291571045,6.739759509417761
2018-03-15,11.508301865182315,14.082028071929797,-4.50781582537233,7.292304748488429
2018-03-16,12.864960323009855,14.900708835025629,-3.9144079089546313,7.016145418180982
2018-03-17,14.089482574745956,16.24892349453476,-5.2266133377819965,7.748876031384572
2018-03-18,13.6002539288976,16.54618213706894,-5.942407523470874,7.0577227488167065
2018-03-19,12.908384173713149,16.82009589775292,-4.674000107289675,6.560716815752551
2018-03-20,12.510138750373027,16.568009447158644,-4.302866999573537,4.764166701158987
2018-03-21,11.768771381373224,16.685104950006348,-3.9055559601303584,4.142844777312677
2018-03-22,11.974831667185255,13.907714212887553,-4.316414945461014,3.629774145642164
2018-03-23,12.864419153567267,13.0699817098989,-5.148073122665485,4.271146379779688
2018-03-24,13.660904694584756,13.46715751259019,-6.741121773618425,3.9383091342691676
2018-03-25,13.483024389711966,14.379878208520394,-5.993089090510102,3.813889360064232
2018-03-26,12.272275698545553,13.759797993055345,-6.385704115564282,3.1360708388641614
2018-03-27,13.485009182283648,12.83940469441324,-5.046805662095524,2.7586682877034354
2018-03-28,12.908480331318255,12.799619475447331,-4.824112476936796,2.605882930116916
2018-03-29,14.997412788004084,14.411122637510962,-6.294495762895323,3.2175391573184835
2018-03-30,15.549413089837385,13.231392779771875,-6.541202197932887,1.731618729302974
2018-03-31,15.89838984504747,9.648701091708338,-7.348368389432256,-7.78328926800409e-05
2018-04-01,15.452844715614305,10.03682635208318,-7.819839085870314,-2.6807380897418582
2018-04-02,15.503306981681819,11.663485031041427,-7.817070562279497,-1.7446866108937769
2018-04-03,16.076724690274595,12.333819898115902,-7.8823598774661425,-0.9829876129897226
2018-04-04,15.243377788503365,13.149326831467702,-9.566549175263699,0.512982246354474
2018-04-05,15.808609671074779,13.124329712138733,-10.034514068669669,-1.3668205133931326
2018-04-06,16.621468458779383,11.440331827532477,-10.349643190312314,-2.2018438588373854
2018-04-07,15.632562141262516,10.856534352985868,-8.105300258044242,-0.2717826590673966
2018-04-08,13.905042173903603,11.082942983731021,-9.957880077827838,-0.9337918768303762
2018-04-09,12.55549852413793,10.606039899270025,-10.340355096212596,-2.687184446379674
2018-04-10,15.023974852660373,11.16919130545555,-11.654557549372123,-0.5468056111300168
2018-04-11,14.301483458141519,12.449999771728049,-11.609562632965138,-1.7332859627041934
2018-04-12,14.283934393615704,13.108980438866201,-12.77357020877223,-1.660718718100293
2018-04-13,12.887886182782292,13.199703935339311,-14.376009240661546,-1.1749422989139147
2018-04-14,12.300188203198958,13.95025714887752,-13.948544730615783,-0.42833522171313765
2018-04-15,11.622001860521014,15.767964909474603,-13.911371911792695,-2.743265586056424
2018-04-16,12.92125810853726,15.785872697998958,-13.656590263499956,-3.0316429700318577
2018-04-17,11.549320698172997,17.26074130441857,-14.263911101051688,-4.154953530370159
2018-04-18,11.80926010435996,17.00401488383156,-13.88110741450423,-3.0356618053235946
2018-04-19,10.426137780564849,16.35672435534377,-14.92247531076631,-3.080857338682749
2018-04-20,9.571167742951504,13.938056270322392,-15.629360883318478,-3.3536643517246465
2018-04-21,9.82870251535958,13.68361616242014,-14.826580992227957,-4.789472932006234
2018-04-22,10.68463269761423,13.884083059374177,-15.504548311452595,-6.185353236662186
2018-04-23,14.249384653561858,15.055146620558023,-14.030858744061524,-5.0658737626548564
2018-04-24,14.669489648722088,16.72727417836904,-13.63616038292034,-3.520928389423368
2018-04-25,14.998986069189673,14.716228965163637,-13.218578041814101,-1.9082750924021183
2018-04-26,15.198241701590062,13.788601961154807,-13.408275407903483,-1.848292159403018
2018-04-27,16.152168380645463,13.573963597033385,-13.578877365249834,-1.691610214397399
2018-04-28,16.47507983680996,12.401896053249398,-12.901675850329166,-2.180965278751123
2018-04-29,14.424491238703167,10.942587050346674,-13.73780634662014,-2.1295838747094065
2018-04-30,13.977323861521114,11.329892041308991,-13.66254974491579,0.20983614483195367
2018-05-01,15.135914608031742,11.730034407566507,-13.055576392661171,1.2901085924068114
2018-05-02,15.612453978590693,13.385044581180221,-11.949715564835675,2.9159969427508647
2018-05-03,16.952240383457386,12.330307690140259,-13.043642966477668,2.4289732587931434
2018-05-04,17.811450526049452,12.272879912054691,-12.220919379943465,2.268518621980425
2018-05-05,17.73214799042755,11.223491644620198,-12.119502835259604,0.3533987313671527
2018-05-06,18.351342325944938,10.354961981469808,-13.02866766467169,-0.380041640972931
2018-05-07,18.683965616532507,8.818572906328415,-12.635373190634718,0.1581272877520581
2018-05-08,20.261993093512984,8.852381808242885,-12.101721241824094,-0.804125988143309
2018-05-09,20.755496692179563,9.101369616705588,-12.913948412409267,-0.28017382092873255
2018-05-10,20.8888216022094,8.905877997716614,-14.240739951858522,0.5662846881098117
2018-05-11,21.581922965315297,7.716502745762625,-13.37970063282959,0.06787151167521821
2018-05-12,20.66010622062022,6.4258050460121305,-13.953164937581212,-0.8615332606418624
2018-05-13,20.683067578524028,8.415279657225966,-13.212810990996816,-1.5858589239985434
2018-05-14,19.43405060696331,8.09825416113291,-12.320401809501663,-1.7383913570472467
2018-05-15,18.41568424242901,8.31701582605661,-12.451489117871677,-1.4628185628799213
2018-05-16,17.647889520528143,7.465642901243796,-11.36203964319306,-0.9333681269259284
2018-05-17,19.238873213718833,8.46203219240757,-11.975426918088562,-1.2299960735330142
2018-05-18,17.825840728326696,9.25433634440547,-12.672492994425285,-0.16069578346704683
2018-05-19,18.656570015777916,8.852245514890681,-13.416258375008496,-0.9933588550354076
2018-05-20,18.18919540539168,9.10927945705035,-12.9442430785298,-2.565983884421027
2018-05-21,18.742466774218677,9.389097346648867,-14.163423033487334,-3.0409669069414305
2018-05-22,19.009890458144927,7.6997339653596395,-14.008992056180894,-1.8590316521917158
2018-05-23,18.59783606019875,9.282350116665112,-14.596624013503135,-3.0594984728905956
2018-05-24,18.754147304751772,10.323276574245458,-14.471485456146269,-3.996500357388601
2018-05-25,18.832941823986886,11.884380164546574,-17.425070117313847,-4.6579128588529795
2018-05-26,18.742941234606274,12.66195243594098,-19.102793138311768,-5.484476661785725
2018-05-27,20.241788395071524,11.240707255585539,-18.32395137023301,-7.676646108601249
2018-05-28,19.851361304555606,11.417833967750212,-18.53147925017812,-5.540196762669135
2018-05-29,19.191912822280507,9.138983789567455,-17.828740980673565,-7.351181252134323
2018-05-30,18.445085852770937,8.595718538202242,-16.96667252568937,-7.2831218381823986
2018-05-31,18.951174757009667,8.470855277770632,-16.87817310057737,-8.087516371670839
2018-06-01,18.118826744671118,8.97539690730603,-18.26943390646287,-8.517951025084155
2018-06-02,17.762390239857034,9.38243777059171,-20.034574240875806,-8.452482046065848
2018-06-03,19.953959339249366,11.074124995572854,-18.894295553272027,-8.820917390024151
2018-06-04,19.140169028792346,10.952694813957729,-19.819357637799648,-10.953993970644195
2018-06-05,18.361786475402695,12.310871583665586,-20.475846302432736,-11.432801272041608
2018-06-06,19.99119536761081,12.513722125489254,-21.119877530639616,-11.920274221721769
2018-06-07,20.29049106694524,12.10492056095235,-19.584791231816745,-14.31337325541185
2018-06-08,19.756008869901557,11.89278783438663,-20.528929036142866,-14.05462669498662
2018-06-09,20.45454451915008,11.314228095232814,-18.982069522910997,-14.300013556904347
2018-06-10,19.80262141792425,10.16541701441068,-19.21872423768537,-13.788664547884377
2018-06-11,20.993026703512253,10.451176102784801,-20.56613019491519,-15.261655985435995
2018-06-12,22.028263003727645,10.817008869336876,-19.487523296945152,-15.7534110874747
2018-06-13,20.87993932305948,11.877290650089153,-19.043110441763044,-17.040013076464966
2018-06-14,21.182243352674238,11.665851704948176,-18.537534689539985,-16.39137708820336
2018-06-15,20.716406197634768,9.444962715758678,-16.44574680893821,-14.758910748391516
2018-06-16,21.199169331497608,9.073261007490071,-16.4171865822595,-14.962269741705997
2018-06-17,20.465875408640315,8.621626174965405,-17.20664314441747,-15.252391294437967
2018-06-18,20.9957390992281,10.256201801717864,-18.96810707975432,-15.969262782715788
2018-06-19,20.859009339544478,8.269493168734797,-18.873187576857525,-16.696489148390178
2018-06-20,21.140841740396976,9.937343661763778,-19.4858924637297,-16.85932134653203
2018-06-21,21.223312494143144,9.637390592114219,-18.676664236378095,-16.739797521287798
2018-06-22,22.733453709245822,10.487373152941977,-17.479993490485278,-16.423171514443776
2018-06-23,22.580512590975427,9.755878829594973,-16.09935866629029,-15.873090531593116
2018-06-24,20.783872379945095,11.499136700284376,-16.431308678035847,-16.298553368404434
2018-06-25,20.570951653986388,11.857457511961929,-17.362297258768752,-15.949182305233546
2018-06-26,21.024218695968706,11.686931875598752,-19.429272795348727,-14.312824679664102
2018-06-27,22.413723294546603,13.118175344794778,-19.343890603663617,-14.289529440870224
2018-06-28,21.976386848546763,14.709933526920208,-19.371039081457713,-14.836840698514822
2018-06-29,22.096696026325247,15.757026841228141,-20.186746831390302,-15.28491896147209
2018-06-30,21.21862530343333,16.13322170599591,-17.778312697159933,-13.906009210166498
2018-07-01,21.963465130988357,15.598605160221009,-17.41338173451361,-15.457787240313586
2018-07-02,21.3712524602193,14.299971104053503,-15.515646281425816,-14.693406073406129
2018-07-03,22.222556296562725,12.54488689002262,-14.78688131780315,-13.944840995154465
2018-07-04,21.314586596924396,13.230725743526586,-14.556826504599876,-12.867056210682101
2018-07-05,22.51870761284542,12.344699849431393,-16.541024620565906,-12.389131316372001
2018-07-06,22.630579941461363,12.054961664388545,-17.453291906650364,-13.392926603015294
2018-07-07,23.519217067178445,13.543718620621574,-16.557066472224033,-14.288312134570086
2018-07-08,23.58951050332838,14.566884294499946,-15.711056657509662,-14.957757454852235
2018-07-09,22.780879684274122,13.222263330836315,-14.911299225645928,-14.74645360457583
2018-07-10,21.088382115961668,14.789038618067847,-15.052537860811443,-13.796749332287657
2018-07-11,22.450427538448178,14.71375643131737,-15.751056113336707,-13.238618972013478
2018-07-12,22.23119980657759,14.298944563107144,-17.397950736974508,-12.767435670188108
2018-07-13,23.082586038168177,14.233966441615586,-18.203833117299382,-12.808093533080124
2018-07-14,22.089275467042416,15.908579357151991,-18.78540892293305,-13.205640425404207
2018-07-15,19.728644259203815,15.080726946808097,-19.825421112225342,-12.844129436647533
2018-07-16,21.29282565498161,15.198686050883502,-19.230199501125686,-14.562502008448142
2018-07-17,21.519511086129317,14.743462747665442,-19.417571267375386,-14.1344257924717
2018-07-18,22.233131104405285,14.744575294084411,-19.097513836549687,-14.60653126472817
2018-07-19,21.650489219618386,16.503920531509035,-19.621960402944364,-14.979876093426176
2018-07-20,21.19062189204136,17.22351067578284,-20.918506754803406,-15.134715549660884
2018-07-21,22.741850856097294,16.47491238287327,-20.952081043922153,-16.096890991033575
2018-07-22,22.82168488794816,17.93103072701163,-19.6364189246073,-14.56312267901614
2018-07-23,23.13988608379287,17.629561488154813,-21.230258959611888,-14.289098683955334
2018-07-24,22.88053835154769,17.264074872030864,-20.69850833102639,-13.27468061758108
2018-07-25,24.396517542358318,16.10157920241866,-19.933745794023917,-14.327386091806668
2018-07-26,23.68012867946201,15.6391204333218,-19.896687556542783,-14.643107366606547
2018-07-27,25.02103113089546,14.960015224489762,-20.51911036633045,-13.942328898958085
2018-07-28,25.176605483895028,15.09740475613708,-22.536751006877612,-13.254632133623701
2018-07-29,25.313266950902477,15.978033134802143,-23.284378663348974,-12.960264577360546
2018-07-30,25.75561348286301,14.845070048072884,-24.879748168997864,-11.14950586747068
2018-07-31,25.6609060096599,15.017968554538674,-24.562880037819447,-11.579483739614576
2018-08-01,24.574232847733374,16.313844865755335,-24.06730844316508,-11.538077454308652
2018-08-02,22.914086837282856,16.299572956495133,-22.88114946533764,-14.365119191529324
2018-08-03,22.34976839556677,15.594676794240115,-23.26295355429465,-15.75224537062524
2018-08-04,23.090327651503287,14.377689927278542,-23.955198489954157,-14.944738907442433
2018-08-05,22.45094476866028,13.911219144108356,-24.27982417439907,-15.019115734668535
2018-08-06,21.051661543128294,13.372315964963384,-24.126854478126237,-14.706737312771146
2018-08-07,22.244270749838076,12.535486070199768,-24.33829569898678,-14.558614964770536
2018-08-08,22.694917989647656,11.448804542537788,-24.1731296734887,-13.084378023364765
2018-08-09,22.709216786406007,11.690562591282163,-24.55764382556218,-14.986823005113498
2018-08-10,22.403654523133966,11.490208293164189,-26.559353370465367,-12.25071461550661
2018-08-11,24.524199128193402,12.55023530551913,-25.974605942439798,-10.438229566899299
2018-08-12,24.752407661463394,11.705495716650958,-25.99391086568991,-10.625427107307907
2018-08-13,23.48235366436315,11.073211687667134,-24.902387820315187,-9.235710781881025
2018-08-14,22.82772155996567,11.45316637127788,-24.72670875974343,-10.185818466865415
2018-08-15,22.810386306231212,9.659167815445713,-24.59146926154136,-8.69348994409131
2018-08-16,21.994633456669295,10.569488313985989,-25.695200140058922,-7.562728308853851
2018-08-17,21.931091687979148,10.86090919987181,-25.5196748187686,-7.556269601592591
2018-08-18,21.122795589401054,11.735795278307451,-25.14163637528703,-6.097477324678678
2018-08-19,21.750392619488892,11.864653551436021,-26.678622531863166,-5.125679821277667
2018-08-20,21.908588170200595,12.299325937631364,-27.234378180007024,-3.35776856206892
2018-08-21,19.710324187824877,12.210154037851346,-28.694714879178118,-1.3925702491646896
2018-08-22,18.879821610772908,11.078076403671833,-28.414486970434574,-0.43481546708107655
2018-08-23,18.460107221793315,11.671538532198134,-28.991512248148595,0.5625631426297655
2018-08-24,20.247003632392797,13.07165225946487,-30.418832630273617,0.9399506289402579
2018-08-25,20.141498266800706,13.92686508452982,-30.58859017407181,-0.3072448637115397
2018-08-26,20.466555132551544,15.277146208392734,-29.624495520649248,-0.03631515493547949
2018-08-27,19.356812561604197,13.742275348252493,-27.663289893486848,-0.9831549610955497
2018-08-28,17.243905557862263,12.294842489908543,-26.735900570987006,-1.2247013931381316
2018-08-29,17.08727753720327,11.561382344083416,-27.110819941150808,-1.5741689381080226
2018-08-30,16.04161435959768,13.243082254656679,-27.52080276575995,-1.673301872108601
2018-08-31,16.651348669931156,12.421105823691562,-28.27483402466586,-2.044856997547565
2018-09-01,16.802297163696277,12.03900157899113,-27.72460333738939,-4.853517118198658
2018-09-02,17.198886201131838,11.153413459657026,-27.48476009607704,-5.029927975210507
2018-09-03,19.162139250021784,11.095908535656642,-27.131638272826258,-4.267515687511566
2018-09-04,19.134325741679596,11.425877666049992,-24.772387540998558,-5.653743906780635
2018-09-05,17.770954808589856,10.80056120590239,-23.727876094543813,-4.8341288076944124
2018-09-06,17.187131685328275,11.147491039731669,-22.848397803090823,-4.49319585254125
2018-09-07,17.347435569140966,12.539189014608006,-22.33397870552006,-3.6651662225493187
2018-09-08,18.55598941231356,11.256849106897489,-22.509066323302,-4.108923365381381
2018-09-09,17.400755335270834,10.832827986479323,-21.884817184596677,-4.915609212616046
2018-09-10,17.308879837390183,11.71366749386273,-21.17677715664282,-4.934173159415251
2018-09-11,16.018623372557638,12.157782842452795,-19.761127229118657,-3.990705185922701
2018-09-12,16.457389115565363,10.365299015846361,-18.307147775572155,-2.4082295137991667
2018-09-13,16.441823697003613,11.247878863426767,-19.521108147361982,-1.9973599288074246
2018-09-14,15.190409935095708,11.445759943158262,-18.91275508779859,-2.591902438981121
2018-09-15,17.124810035883247,10.385164042081206,-18.65238327584619,-2.8435777487849565
2018-09-16,17.32575235548369,10.26815395557551,-17.399399674353724,-1.9804620490084899
2018-09-17,19.167207109881613,9.750638514436536,-18.17564650312923,-2.3745326058988825
2018-09-18,19.4281873309583,9.805889393370093,-17.161590259107793,-2.355367116753216
2018-09-19,19.266830089307863,9.906629892488745,-17.98192119312061,-2.578351861298594
2018-09-20,18.1000892786651,9.635140641440135,-18.72594539430461,-2.144569147204763
2018-09-21,16.403356782839094,8.786549288496218,-18.21707750769025,-3.1059217516040545
2018-09-22,15.820595559680227,9.400089911151403,-18.441438455847674,-4.518483423522298
2018-09-23,15.322425907774106,10.431711227028748,-20.41772129511273,-2.43889947387744
2018-09-24,15.353829988325044,11.153045829096415,-20.10348416342645,-0.9331657496858916
2018-09-25,14.48720442831627,11.904279876538096,-19.633061058242802,-0.7794414627152655
2018-09-26,13.310109385823987,12.935453500061179,-20.95472216011991,-1.4682571023270388
2018-09-27,14.209013239539717,12.887524824038977,-20.599537601270256,-0.24974964074497685
2018-09-28,14.825530657892385,12.050791180872586,-19.831220506985332,-1.936781896331656
2018-09-29,14.38904226188713,11.408117049676306,-20.564177563613644,-2.87520579031521
2018-09-30,15.805904442014146,10.849340155629234,-21.264456170104253,-3.558704235872463
2018-10-01,15.573376301975289,10.75470128062001,-20.95948512459192,-3.388695338819139
2018-10-02,15.45411125439382,10.519469066687448,-20.88376189798931,-3.559861535917485
2018-10-03,15.252121019017226,9.579012075075394,-19.823387957052844,-2.0648970439307623
2018-10-04,16.107647985018602,8.74474793675651,-19.931537610932367,-1.5106738879889279
2018-10-05,15.689173975993125,7.0741978123716756,-22.52081225912714,-0.03436917898722669
2018-10-06,14.11424256976262,8.87647871133095,-21.279778339238568,0.4349352390611255
2018-10-07,13.039094327716352,9.719822645519592,-22.243197208056063,0.24810199929060336
2018-10-08,12.711643303472945,11.442332613895282,-23.592565142466412,0.144836600777062
2018-10-09,13.106145599373889,11.816615885832126,-23.346847769142258,0.027916226542195124
2018-10-10,14.467978678966587,11.317608935109075,-24.503973056499216,-0.08417643752306896
2018-10-11,12.835067798644118,11.380672681031541,-25.588091819799928,-2.894061808622236
2018-10-12,11.369401130403059,13.285080623598171,-25.09256088020822,-3.025430430769655
2018-10-13,9.739105197018118,12.9767882659377,-24.169197705304963,-2.0404056249355467
2018-10-14,9.278892552941391,12.21733285984915,-24.295840405529784,-1.9006791378763357
2018-10-15,11.120705579038356,12.559175513189812,-23.614031918754286,-2.1256069703073805
2018-10-16,13.518870722292236,12.11437231278618,-25.080587563867283,-2.266045254540583
2018-10-17,14.685353050048686,11.564822910167655,-25.1863436621024,-0.5260828386926442
2018-10-18,14.11336022254148,11.108567601178146,-25.824887944319244,-1.6172620033708693
2018-10-19,13.864370710179225,11.584929635020472,-25.594248719214523,-0.8548623984111907
2018-10-20,13.218158727097798,12.222938056364733,-25.77515223007177,0.5677154866470187
2018-10-21,12.150829007728285,12.830368886738817,-26.104377659832966,0.5704774380413017
2018-10-22,11.178991807194791,13.508984001285757,-25.963932610897118,-0.7797509191264994
2018-10-23,10.074141525865864,14.179551560322134,-24.934405431504803,-2.1778106604444383
2018-10-24,7.331292854876265,14.701727104492281,-24.58694275669876,-4.417824650127663
2018-10-25,6.665989998546209,15.532337537724374,-24.5662891361466,-2.629499320709055
2018-10-26,5.7269281138658625,15.388978611591178,-25.001379632343216,-2.5036214414225206
2018-10-27,5.790631995943074,16.610773341403696,-25.233160496508678,-2.3550941680955186
2018-10-28,6.715634342512211,17.14155806849355,-25.15106012203919,-4.0703326334875
2018-10-29,6.213727384267889,18.125923149075042,-23.81992113503185,-4.25128377167406
2018-10-30,5.4613404578871325,16.016806717229603,-25.72208462802604,-5.799245241659532
2018-10-31,6.155629195364015,15.127909288896758,-24.64448151623134,-5.1386656625630645
2018-11-01,7.686797840254042,15.760583963022272,-25.88205778465951,-3.8667659545599458
2018-11-02,7.223663968143172,16.58155437110659,-23.626244278355628,-4.053940069038547
2018-11-03,6.397279124143741,17.24131204069949,-22.670933041629915,-4.880093307093687
2018-11-04,7.050869668817516,16.926830013779835,-21.653066265661877,-3.022366569405846
2018-11-05,6.245014747364561,18.90179896737112,-24.448351250906903,-3.08908302046421
2018-11-06,7.207999785594673,18.540399217799557,-25.536255647696372,-2.5636370482553668
2018-11-07,6.494294248917486,18.14844566231815,-24.133641290002906,-2.872255880642518
2018-11-08,6.504781713631659,18.15506307643533,-22.92021199666618,-2.7321588507758823
2018-11-09,6.085310530827972,19.581562033728964,-22.67540332829715,-2.3535976986012956
2018-11-10,5.25211337297364,20.566133439433212,-19.457330504101172,-1.5542637654310274
2018-11-11,5.0783424692013694,20.111602089377353,-19.72402493501789,0.5640625319503789
2018-11-12,5.207062470612238,19.73208482830148,-18.686592088923483,2.4049226196026026
2018-11-13,3.5095084976403648,20.34718825096501,-18.677403872319758,1.0091412646290383
2018-11-14,3.9377194826737107,19.5344897095131,-17.955072347517547,1.9031529549482102
2018-11-15,3.863458282021018,18.741549784248406,-16.893626368666926,2.4156700760167618
2018-11-16,4.101927255358212,19.639626447048855,-18.553925832050094,2.421515613707805
2018-11-17,5.184942501514278,19.149314215017085,-18.807399866639646,1.403821177805667
2018-11-18,3.715220532275712,18.137132189814754,-19.383881519073995,-0.03981820175318673
2018-11-19,3.7678008465080666,20.659501926711,-18.360116691797515,-0.23735667132926513
2018-11-20,5.107715321841879,23.63914363592631,-18.222308525150257,-1.8086623857424549
2018-11-21,4.492630440959266,23.55594376613795,-18.19598208516531,-3.6673755197991555
2018-11-22,4.0309877778463274,22.89895124097429,-17.036636111522785,-5.17626839942218
2018-11-23,4.542369944155646,21.884468431250845,-16.442862210986373,-5.106519420410542
2018-11-24,5.691640871263097,22.615436860882802,-16.281874823308428,-7.8522095852637115
2018-11-25,5.212616686626492,22.3655440883488,-16.085802387849263,-8.113139384936218
2018-11-26,5.524172779783945,22.687381465159863,-15.881898018021271,-8.021334614355364
2018-11-27,5.454077584058006,23.025535503261537,-15.54289326568974,-8.062795969111212
2018-11-28,5.018986658173386,22.35722219005554,-16.782597842773047,-6.880533120720914
2018-11-29,7.464765659498567,21.76349568384689,-15.723893364765596,-7.201705515363906
2018-11-30,6.497138113358961,22.277889172301204,-13.418630548148242,-7.4220868267096245
2018-12-01,7.584729506976547,21.72622930354304,-12.898358834798213,-6.473596142505662
2018-12-02,8.685649278568384,19.940849116014274,-11.059150342115858,-7.103301172737506
2018-12-03,8.34598222298035,20.942128926790765,-10.254440383508019,-6.788439831739019
2018-12-04,8.661376393918855,19.765735477395964,-9.432898143533127,-8.500279247426615
2018-12-05,8.692636865948828,17.928501277885573,-10.282265728349183,-8.169083612447478
2018-12-06,8.96038840196544,18.64689490795564,-10.628137818912629,-7.4549191368517835
2018-12-07,8.213377818787645,18.305958822613185,-10.027377410152654,-8.427775282314894
2018-12-08,8.772972951117893,18.963262536373303,-9.766225267329249,-9.317821515366738
2018-12-09,7.700398496081195,20.225577641878637,-9.875753995166113,-8.599828289283824
2018-12-10,7.309823591309596,19.743491048183902,-9.465078651000443,-10.320605659513042
2018-12-11,8.576258276329765,17.89725123773365,-10.24292319186964,-11.224445325117529
2018-12-12,9.60135094012205,17.614396754649434,-11.319266403225798,-12.217447011710215
2018-12-13,9.9058848094434,18.842786219014336,-11.30926471445887,-11.18122749916425
2018-12-14,10.095339487512739,17.774932778548095,-11.753290112733286,-10.099344698003017
2018-12-15,12.667532023080195,18.353316779021444,-13.740208588087722,-10.420227701123935
2018-12-16,11.521361056126345,17.56793564522254,-15.045817397229808,-10.222221193748837
2018-12-17,10.386612278326137,18.982960353269576,-14.475163508785519,-10.047313842534287
2018-12-18,10.391027292929586,19.71934031346763,-16.299960202156896,-7.982037975665004
2018-12-19,10.940887199426887,19.412479893278462,-16.825551218727437,-8.784589337421387
2018-12-20,10.437801410183834,18.66013487345295,-17.65190107087909,-8.240210771782277
2018-12-21,10.902906128734458,16.644556717658645,-18.640466370563736,-6.832369710599844
2018-12-22,10.148378753328899,15.386684184452594,-17.44036001860558,-3.41553620691819
2018-12-23,11.040925172430102,15.377646943511525,-16.595301608046157,-2.5915135379888663
2018-12-24,11.821623054049736,14.75752046968473,-15.53085256533642,-3.2074112903566747
2018-12-25,10.882128452200353,15.100273960598237,-15.143519642528172,-3.5976676824109375
2018-12-26,10.789832228253978,15.236637499274796,-14.588372595863568,-3.5074750814999187
2018-12-27,11.486881252896167,13.426109094494953,-13.949848229276673,-3.208171645575998
2018-12-28,11.584373890516835,13.851956374367859,-13.022124882716078,-4.740139758574021
2018-12-29,12.495076544723517,12.395991932627627,-14.097301620016157,-4.154740874761769
2018-12-30,14.18075945374387,11.789367712814181,-15.03426108692388,-5.289823682874605
2018-12-31,13.792143417774385,12.188690307199826,-13.764277852876667,-6.085747483585778
2019-01-01,12.5331809505899,12.285852378034024,-12.902355346196781,-5.7636188315160215
2019-01-02,10.493890476544836,12.25500718905869,-12.356215295952921,-6.704028909129149
2019-01-03,10.463427804325583,12.529482147627022,-10.881913388561964,-6.900425721436516
2019-01-04,9.503822618883495,14.417112622734741,-12.64766206284667,-8.087718530380466
2019-01-05,8.598024922216851,12.490073250417531,-12.658856102773173,-8.257180084828512
2019-01-06,8.43883860973803,12.783219475660841,-13.600879505718392,-9.44225415201455
2019-01-07,8.197578393748694,11.783758755545247,-13.642676161312806,-9.832817187221266
2019-01-08,6.585984136328907,11.017724157670147,-14.095298569996041,-9.831694143887987
2019-01-09,6.649130295750932,10.7165076494346,-15.463791183142261,-11.217894990030619
2019-01-10,7.332826295968432,10.551369525812598,-17.357744619317444,-10.727052122393468
2019-01-11,7.320037548510396,12.771681143548907,-15.997041902227187,-11.520441448228524
2019-01-12,5.67807929317278,11.982226747874698,-16.357418368649814,-10.660472383873376
2019-01-13,5.003062331455979,12.573159985414506,-15.76151565549805,-12.313198852213986
2019-01-14,5.335299714709494,12.812640168264133,-17.576003286407477,-11.923197840915163
2019-01-15,6.7450412896635115,10.272968444130337,-16.36416899285651,-11.747754749697426
2019-01-16,5.731656759780014,11.22574763969186,-17.261990090498646,-10.891610112593128
2019-01-17,6.0729888321744845,13.069766217765098,-17.20437748217842,-10.226090494428512
2019-01-18,8.075019899617327,12.981893855757084,-17.10747371543015,-9.787027429565835
2019-01-19,6.560819318849664,13.299367942307702,-17.910623421473304,-9.477861844608409
2019-01-20,5.0024984748776,12.339459043014937,-18.99247133067731,-10.815531687259119
2019-01-21,4.792802069613485,10.512513855361876,-17.614233749323237,-10.376203061797172
2019-01-22,5.457836505550626,10.121824063631928,-18.105238704889107,-10.199083193786942
2019-01-23,6.253979627058088,10.443846891306045,-17.905588321797477,-10.4170972393954
2019-01-24,7.782440595668556,9.782323372873847,-15.750239825324483,-13.27399211239971
2019-01-25,7.1797724766122135,8.418664415187491,-14.32112058753442,-13.069326295631273
2019-01-26,6.922957210522866,7.409782616175686,-14.053041495221796,-12.837634474742693
2019-01-27,4.912651188877225,7.40350601528832,-15.569639631396493,-13.515316374022124
2019-01-28,4.442301405951054,7.788947511677611,-14.70278986522815,-13.952180962168281
2019-01-29,4.4573215949689535,8.171308485319678,-15.566425557154522,-13.88122659163838
2019-01-30,3.5150074663111415,9.130291563945462,-14.096396496368614,-13.03420215634461
2019-01-31,2.7583402541955895,8.173154021149308,-13.196165741610184,-13.33352667432755
2019-02-01,3.543171645352885,8.49150918171917,-11.502779759748988,-13.419737924856387
2019-02-02,2.9548262984496647,8.939311418524674,-11.262421767341193,-15.187340576611454
2019-02-03,4.245876525473687,10.425129434397121,-11.289224048934162,-15.489152760355772
2019-02-04,4.312185443749753,10.008071888916527,-11.2104122476895,-17.731234951896262
2019-02-05,2.971265036242449,10.615881227475485,-11.71559972983053,-18.11949858682212
2019-02-06,1.9025507669846273,11.873705502097643,-10.306357457896219,-20.317499368895696
2019-02-07,1.25810386113569,11.011432369127915,-10.809118273714247,-19.122164178732735
2019-02-08,1.754243556129211,13.298853454592168,-9.644954013719213,-18.91417110867752
2019-02-09,0.7112258902395179,13.0124252617049,-9.829832950865619,-19.08299375705131
2019-02-10,0.8637137731521666,13.419841555555749,-8.85835993489467,-18.26136953192191
2019-02-11,2.1956737318872017,13.586013440206056,-7.7074078878730266,-19.23308400434904
2019-02-12,0.7457212372565185,12.516897869290307,-6.181091260343619,-19.375192220820903
2019-02-13,1.3181459678088454,11.896129215548303,-8.71636480473684,-19.651480073496323
2019-02-14,0.520727314567193,10.757836818424199,-9.987407494609382,-19.19464093118582
2019-02-15,-0.003622172226740328,10.41970003881541,-9.610151223680257,-20.5305075698804
2019-02-16,1.1722233723276392,9.576371954053647,-8.382299728669262,-20.432396420186972
2019-02-17,2.380017240010346,9.528993203894279,-8.884326219076787,-21.649293637457852
2019-02-18,0.45935148639506185,8.811938233407592,-9.679672037185737,-21.48311254122214
2019-02-19,-1.2354286013697464,9.056149367621224,-9.586051730906403,-22.932837508375613
2019-02-20,-1.9939249677234874,8.802799435002045,-9.12226174611195,-23.67014400090305
2019-02-21,-2.8921158764265478,7.129650098378556,-8.793080425578674,-22.4191661936939
2019-02-22,-2.496377406566657,7.233302900208614,-8.071390260274374,-23.0357969915172
2019-02-23,-2.2915952693858403,8.029079529432387,-9.0076470310088,-21.60540703393482
2019-02-24,-2.7617521459215832,8.142231927499394,-8.986188955586314,-21.331309027864588
2019-02-25,-3.604981620635564,9.267164216762698,-8.727946361410254,-20.631637547696446
2019-02-26,-3.8649260750664522,9.9493365457024,-7.21027166563429,-20.84462019104021
2019-02-27,-3.0695899092059635,9.127087673321514,-6.68204492706894,-20.121669143105596
2019-02-28,-4.41835287729168,7.945828834854011,-6.693821406499385,-18.525082027982187
2019-03-01,-5.308347595454048,7.11418378980421,-5.933313462272329,-18.505664341356216
2019-03-02,-5.322424292408553,7.554531900233691,-4.3119768949108845,-18.163688605655032
2019-03-03,-6.3287208120819605,6.223458635410875,-4.966080178813399,-19.242061271917766
2019-03-04,-5.7963262870163454,5.345663808582708,-6.815743527232495,-19.28750943945068
2019-03-05,-4.353913496119758,4.087781111414623,-7.401309271134514,-19.077305320705992
2019-03-06,-4.3827121727731475,3.9593052305736647,-8.308862127623565,-19.299792625460586
2019-03-07,-3.067529279720417,5.103746918837149,-7.9353287293781065,-19.251883603602234
2019-03-08,-3.6623350738112848,5.963013291687497,-7.1304246517806655,-18.235450485759092
2019-03-09,-3.564900497914791,5.378196073532903,-8.64359534509609,-18.403656956075437
2019-03-10,-2.808288761067178,5.096417644974149,-7.376733645292182,-19.03345459957763
2019-03-11,-3.437014264561528,5.3244483504932,-7.112584195668863,-19.13181119018132
2019-03-12,-2.9699404999830916,5.585684564845282,-6.50982107387471,-18.386810953868913
2019-03-13,-3.7306481513240675,5.7067656728168945,-6.024103812945811,-20.239483394509712
2019-03-14,-2.2689141862425415,4.0515210697143855,-6.328803097772343,-19.632831816794035
2019-03-15,-4.759577384970193,3.5012302828005804,-4.853973150931279,-19.217926503100532
2019-03-16,-5.666691703257163,3.5001314435907425,-5.674096892878202,-19.59617977056723
2019-03-17,-5.548231193499432,4.161320212147492,-4.919954831315722,-20.008721144417837
2019-03-18,-5.896393513338943,3.990511659788779,-5.8311498647236695,-19.37160430134509
2019-03-19,-4.069586328334184,4.324390397489799,-5.493020821748074,-19.886112136853097
2019-03-20,-5.334105398485817,4.538660861711268,-6.754555091435817,-21.90490822611857
2019-03-21,-5.6441384877838034,3.3551520772971632,-8.240594357295407,-22.291971458157583
2019-03-22,-5.8990148584518085,3.615532523991925,-9.026756824312683,-21.716837310762365
2019-03-23,-5.763028062799363,3.692476579915502,-7.557467801966421,-21.105490387133027
2019-03-24,-4.822226428908382,4.388246151429608,-7.758770805876742,-21.57572174385753
2019-03-25,-3.5981113296336966,2.8680419944181637,-7.069063388560638,-21.432415380670545
2019-03-26,-3.8604672302215146,0.7459491946234782,-7.733296649749425,-21.86906870908773
2019-03-27,-3.5403749001048888,0.8446210054833048,-8.294807102516875,-21.800252012237372
2019-03-28,-3.77150864938557,-0.04521872752044698,-9.37089896408668,-22.049182712392422
2019-03-29,-3.0068052032880077,-0.462275145392067,-7.205686630661864,-21.132933505791282
2019-03-30,-2.8184222517571444,-0.17098253521276963,-8.350175297839714,-20.21183125495391
2019-03-31,-2.796162476513021,-0.22549919813524463,-7.962135456048615,-20.81003039534691
2019-04-01,-3.334404262713464,-0.5172996437820664,-7.802837246655495,-20.276459663640072
2019-04-02,-3.4055962480410735,0.2954762071261068,-6.837352903211411,-20.07337330799734
2019-04-03,-3.0965291449887244,-0.47879817220546617,-6.245317970115462,-19.950403323856868
2019-04-04,-2.6444933817520817,1.008082928534784,-7.183972628853986,-19.218706332488456
2019-04-05,-3.141942350941167,2.2461730732183076,-6.316829855523393,-19.171800022167528
2019-04-06,-2.54391861727501,4.292735359227956,-5.802118318474274,-19.39050074702527
2019-04-07,-3.556715112559398,4.620096465114978,-6.084012731863829,-19.64947039387711
2019-04-08,-2.5045892986153984,5.018076226525279,-7.154628890518273,-18.781737297375834
2019-04-09,-2.347011497572923,1.542531398378641,-7.429210176900318,-20.559879131564628
2019-04-10,-2.5661881807595677,2.3041841485369567,-7.80682238245132,-21.345032542004947
2019-04-11,-2.194837165861981,1.9373848847548163,-7.8964791346072065,-20.010035723876786
2019-04-12,-3.244508362064897,2.5987529632447703,-7.762598780059373,-19.98426691798429
2019-04-13,-4.7001429066761995,1.7214102848482353,-9.00291691737161,-20.21122517368365
2019-04-14,-5.799834260134114,2.3138866456845637,-9.401577065905814,-20.57064329526912
2019-04-15,-5.563736755714351,0.9039508493481032,-9.453043478359728,-18.909807229873216
2019-04-16,-3.346013085390054,-0.4151271790143567,-11.424455686506024,-19.5832161219337
2019-04-17,-2.8108770191915506,-0.510591203557997,-12.135019688559334,-19.857364103217723
2019-04-18,-4.099556899736884,-0.4919465558767791,-12.983011725072428,-18.767714515152527
2019-04-19,-5.167090099696579,-0.7117154197337565,-11.643112074851784,-19.337179874266234
2019-04-20,-5.499385523305858,-1.8333743959821545,-11.615111149362574,-19.783317986311108
2019-04-21,-6.6284495596102335,-1.3875290724771743,-11.438652314978302,-21.37172023066348
2019-04-22,-5.614430797324508,-1.1066586059084997,-11.614425923900392,-21.352889914182775
2019-04-23,-5.583445543505747,-3.390949057014956,-11.715137565864087,-21.8073023840523
2019-04-24,-4.903271935209433,-2.6073433953462266,-12.368727605702432,-22.47374986094561
2019-04-25,-4.917222444673912,-1.712503050039703,-13.893732039095893,-23.190704316495946
2019-04-26,-3.7534623707975836,-2.507707131214164,-14.928837010499501,-21.45452336777009
2019-04-27,-3.040368417647139,-1.4961640776844014,-15.831095361003593,-22.84617287767942
2019-04-28,-3.365824985257163,-1.9305896860864056,-16.225886240873688,-21.86486219579916
2019-04-29,-3.565099180202925,-2.308374717595323,-17.157932611565347,-22.870009370451378
2019-04-30,-4.396178524539838,-1.773318441884412,-17.586465570737303,-24.4108408361055
2019-05-01,-2.877043034163898,-1.4197612670378092,-18.382287335263005,-23.810582892245243
2019-05-02,-1.288746401517527,-2.195777879336509,-18.49358755560392,-24.314715609226038
2019-05-03,-1.74841349112269,-0.9072078151444618,-19.93708005203468,-23.631233730142444
2019-05-04,-4.122711472575696,-1.8836155332703441,-20.581582715085,-23.319989752577666
2019-05-05,-4.635127051953364,-2.073441037984226,-20.72000547485606,-24.87703687878945
2019-05-06,-4.367888100048486,-0.34750595770862613,-20.264832028293036,-24.09819494314761
2019-05-07,-4.801908029850623,0.40820344051060653,-19.356692064315713,-24.677532706445138
2019-05-08,-3.648071765156409,1.6133830519590346,-19.32365442580228,-26.291392075916523
2019-05-09,-3.3958139066097583,-0.020077299242368563,-18.2644627289708,-26.6423796099685
2019-05-10,-3.552699805365483,-0.3001570693946097,-19.43503467321839,-26.41373652856596
2019-05-11,-4.487010015686455,0.2114394388825887,-19.143114287270336,-28.58655510231739
2019-05-12,-4.682276992003539,0.5041625624686031,-18.421336406418877,-27.48498381428095
2019-05-13,-4.294822065696783,0.30085330088190954,-18.258600638137082,-26.716676793340618
2019-05-14,-3.8662181455926254,-1.5582813449941924,-18.236813931916853,-26.42177436251709
2019-05-15,-3.019408433603573,-1.1312501809709021,-19.74777198794792,-25.713694749171427
2019-05-16,-1.582392768740847,-4.0410202944029345,-18.344654518503866,-25.887024805018356
2019-05-17,-3.2367802114477717,-6.232648645441189,-19.807836601526194,-25.757159752463615
2019-05-18,-2.710391019053316,-7.106925005236583,-20.542708045207632,-25.97919116950274
2019-05-19,-2.39507877984167,-6.409447650467197,-20.63172388800384,-26.865230697364957
2019-05-20,-1.990656788850667,-6.384257316115035,-20.3257077185901,-26.153544005258833
2019-05-21,-3.556386820109773,-6.3682926489265945,-19.469587618149728,-26.941774139287432
2019-05-22,-3.595468768311964,-7.749778170670833,-18.171362505201937,-28.719853683096595
2019-05-23,-3.9060834146127976,-6.74325513847231,-17.74462394488381,-29.020964505210642
2019-05-24,-2.5431458686572963,-7.919577962416462,-16.16261294743885,-28.44984855409476
2019-05-25,-2.8188811765988504,-7.259776753699256,-16.37566101104699,-27.93244942043392
2019-05-26,-3.0595346978476945,-5.995822478135471,-16.58173220813419,-28.308790243518825
2019-05-27,-2.6752423729526917,-4.96812278979309,-14.964089283746787,-29.984907320232008
2019-05-28,-2.2709709692619477,-6.073407712514491,-14.046193986982136,-32.79387138879367
2019-05-29,-2.1464923170699386,-5.867322161835644,-13.756834292706142,-32.06565082720661
2019-05-30,-3.9129497038016847,-6.170333930903745,-11.746167031678533,-31.88766047162562
2019-05-31,-4.560679173371311,-5.94731275001202,-11.84771501568398,-31.869967916867317
2019-06-01,-5.623364861577714,-6.630283713679833,-11.922124897693697,-32.83077917026166
2019-06-02,-4.969188272272758,-7.179872480227821,-10.958386783391164,-31.323702553899746
2019-06-03,-4.264581482160437,-7.113813882383916,-9.903532637448857,-31.047364769951095
2019-06-04,-3.5708203858687924,-9.364440185157845,-9.546643773010151,-31.299074451441186
2019-06-05,-2.6468819938533095,-9.812487385753421,-8.550105944155368,-30.706041964713837
2019-06-06,-3.121075780405664,-10.046409896579062,-8.88386922959717,-30.85011370441048
2019-06-07,-4.481907997613174,-9.369009021887155,-7.842587566902084,-30.639390678097477
2019-06-08,-4.398219348852825,-11.271184005342166,-9.62131629309107,-31.985657134571998
2019-06-09,-4.538621841107166,-11.985779728406,-9.399972986413703,-31.468302751055678
2019-06-10,-4.744395785246358,-11.681062136345574,-7.865851572873561,-30.32636411269074
2019-06-11,-4.231531669450826,-9.928407476454847,-8.168408582753896,-31.247321168959253
2019-06-12,-4.883013290562885,-10.711741577761252,-7.940667249564403,-30.92090884979483
2019-06-13,-5.416521478928671,-10.925781438503172,-7.342630148665646,-30.77698572440401
2019-06-14,-3.404765160346112,-9.91229410648488,-8.79271842023525,-31.593452624030647
2019-06-15,-3.3532197764988183,-9.613618610313527,-8.741657499645463,-30.3564676188199
2019-06-16,-4.486146918499678,-8.759880140903492,-7.586494270505527,-31.311362172778413
2019-06-17,-5.447043397655763,-9.199537771695073,-8.278313937363194,-31.993152868445584
2019-06-18,-5.854742686708416,-7.6406051726319495,-7.821253058056385,-31.25909833440848
2019-06-19,-5.595082732301686,-8.416647761395316,-7.658295256068067,-30.385623513866413
2019-06-20,-5.445060709870371,-7.102677599650528,-8.989608951807302,-28.669451374854493
2019-06-21,-4.162979917937995,-6.863259360652552,-9.22038136636515,-27.67062403458688
2019-06-22,-4.421245630461236,-7.358379695517964,-8.248152378694586,-28.76560423910058
2019-06-23,-3.243307551455511,-6.698930869184276,-9.17893322435871,-29.059449498426034
2019-06-24,-3.110157823661264,-6.555684723549376,-8.717265792704223,-29.36571007273948
2019-06-25,-4.110169656287273,-6.163950043829531,-8.492053539132714,-27.791414280272406
2019-06-26,-3.6306571287410714,-6.086277861534601,-9.430970966591046,-25.37761663294118
2019-06-27,-3.572849604973524,-7.567398830783032,-8.370656353060543,-24.01120944507331
2019-06-28,-3.419076012680621,-6.058025152590607,-8.336785672771692,-23.693077812822953
2019-06-29,-1.6572013147491835,-5.93830810339114,-9.04284348206541,-25.142782516687568
2019-06-30,-0.3177467325065457,-8.677174373039339,-9.925906637001912,-26.606569253589452
2019-07-01,-0.4194574704522598,-7.660032534388179,-11.196012251241399,-26.590290043091258
2019-07-02,0.6206605431747254,-9.260715913536774,-11.628129430350695,-27.80959334721464
2019-07-03,0.382814301203647,-9.032349398371952,-11.426182538641784,-29.625534589843735
2019-07-04,-0.8607108526568504,-9.463052595066358,-10.84579315854583,-30.209106424730237
2019-07-05,-2.0858032461370324,-9.385855776684803,-8.77302137980073,-30.315496267548948
2019-07-06,-1.1836843287740537,-9.652801413173671,-10.256731298556826,-29.91216709465726
2019-07-07,-3.2320049984707406,-9.750740121620664,-12.921047925148565,-31.06246197037754
2019-07-08,-2.3166522297966554,-9.537176161238651,-11.385947602583038,-30.78221611939208
2019-07-09,-1.6986896664750253,-8.998140472285986,-10.19470170866393,-30.351418419807665
2019-07-10,0.7593984408827161,-9.805337812180344,-11.072319592592635,-31.441793174975093
2019-07-11,0.7244165236808313,-9.367819602720319,-12.358870935398128,-31.20990843157888
2019-07-12,-0.02632051478562747,-9.615732149611887,-12.968191902690617,-31.67995434523794
2019-07-13,-0.27563046255592205,-9.598051023428662,-12.787773507657544,-30.401776176054586
2019-07-14,-1.4031087927934605,-9.034175550924504,-13.314394809940644,-30.94877835165808
2019-07-15,-0.6388548072993206,-9.170683956459268,-11.761475196616379,-30.02797550353668
2019-07-16,-0.14345341780291515,-7.611678154807149,-12.45869744620067,-30.179341964315835
2019-07-17,0.2774156464772415,-6.484599545111251,-12.281508774353478,-30.325315879921668
2019-07-18,-0.48993287002277364,-7.374978711449231,-12.76655593815995,-30.00151871344372
2019-07-19,0.5154578077219492,-6.737750387526843,-14.457440308948573,-31.35408044704077
2019-07-20,-0.035640454276116285,-5.002210635267783,-13.444135258513537,-31.11098259167333
2019-07-21,0.0720092652202122,-4.789995566615424,-13.9462381579035,-30.264004535928912
2019-07-22,1.5057162051311215,-4.412936415298399,-13.023826185359328,-30.842029794621823
2019-07-23,3.223151682663987,-3.9554260013147386,-12.43264071656229,-30.200466403532296
2019-07-24,2.735157122282259,-2.477793083142397,-11.698311634167318,-28.63205757379622
2019-07-25,1.334935373746789,-2.4703761957641137,-12.008855960263926,-28.804800451421972
2019-07-26,0.7298402751634042,-1.3396646430939552,-13.04840017428444,-30.076912238052717
2019-07-27,1.2945804388053315,-2.6267047800073726,-11.805577937613892,-32.07741168096299
2019-07-28,1.929754384594737,-2.3127152923336274,-12.351863039529793,-31.431669835658113
2019-07-29,2.125111881088028,-1.1794984732776517,-13.090876964596692,-31.076871573999906
2019-07-30,1.9956013408787543,-2.5530843079587635,-11.742742313738027,-31.853195925331068
2019-07-31,2.308140591889686,-1.582613776454905,-12.006319627232783,-31.39203628258572
2019-08-01,2.9056132423778873,-0.7284116782876242,-11.598546279944884,-29.55411404505416
2019-08-02,4.412334000922268,-1.5665724294920218,-10.378128252775335,-30.919935085535553
2019-08-03,4.898239489054978,-2.1203259476130625,-11.425919171268593,-29.739788341091007
2019-08-04,4.700561383163137,-1.430968004800499,-9.971318393350845,-29.596144342314084
2019-08-05,4.530927745321089,-1.48575802141473,-9.567398832702482,-31.01639030677893
2019-08-06,4.862564528039628,-2.5763962532973625,-9.02402731294265,-29.78997515461237
2019-08-07,3.5970601388983567,-2.218205397017153,-8.036463793256683,-31.40380521058664
2019-08-08,2.532383270759965,-2.58105409717881,-9.675094989907604,-30.810938445679582
2019-08-09,1.218644916233542,-3.6195126828436712,-9.489302806680033,-31.22607171834334
2019-08-10,1.5835931736908027,-3.9916525222868935,-8.83575529538094,-30.138698020896722
2019-08-11,0.9617261220446196,-3.593969976443673,-10.420303992690004,-28.3023537403501
2019-08-12,0.4020615623218847,-2.6551849214226815,-10.722915327531986,-28.87330610910013
2019-08-13,0.07579313428073742,-2.4540823037849098,-10.278436122917006,-28.459822722935566
2019-08-14,1.3346297499942983,-2.5291083707019513,-10.829542440567376,-29.288072528806456
2019-08-15,2.058014205349018,-3.017789517117351,-11.332717812885932,-29.43957355434312
2019-08-16,2.6081097786244896,-3.477060150463842,-12.353076662289556,-28.04457716170246
2019-08-17,1.0107077020811281,-2.691059928661596,-14.655662686354468,-26.892405286637455
2019-08-18,1.6682884560845315,-3.7801422131592766,-13.437184332084467,-27.82121718824832
2019-08-19,3.8833087407127476,-3.2967151823584895,-13.79049879102672,-26.395769317778043
2019-08-20,5.4730916207958,-3.42989427810315,-14.109894747820398,-26.853733607835448
2019-08-21,5.430495072607895,-4.107036560948897,-15.466526743396788,-27.797369981827476
2019-08-22,6.901783810779612,-3.6858059701858954,-16.265492668107658,-26.729071932079133
2019-08-23,6.01028399404201,-2.744127909785689,-15.043553186840072,-24.818430742240007
2019-08-24,5.23085245891207,-3.1385294317914623,-14.592922840766878,-24.898903745685427
2019-08-25,5.844697694583929,-3.2081112351311,-14.081304155360083,-24.56650085999308
2019-08-26,6.6489826243391015,-1.9139142407062055,-14.35205839502745,-22.793731675924366
2019-08-27,6.105156034452097,-2.5861994241824444,-14.963483667619156,-21.195788868179246
2019-08-28,7.441634309479326,-2.21890349960594,-13.41655602791442,-21.67130857996778
2019-08-29,8.94335591826609,-2.9039357480145753,-12.85501779793828,-21.433088400624126
2019-08-30,8.196834422414192,-2.2752839693370968,-14.10406489750646,-22.411955830664887
2019-08-31,7.098467086767804,-1.5036537833090322,-13.313822695843074,-22.61897450506108
2019-09-01,5.491442800084437,-0.7403951203925438,-14.94831380255319,-20.738269346922298
2019-09-02,6.952268199508346,-0.6324749094312135,-16.641747850096174,-21.389713657544835
2019-09-03,7.696791164831808,-1.5053797042446393,-16.304673138209015,-20.11731061563927
2019-09-04,7.8921352313294255,-1.4152561885964625,-16.476677048241687,-20.27448326596853
2019-09-05,6.3832255382992855,-0.8265096025952777,-17.280642677613574,-21.1698960611033
2019-09-06,7.187918854356582,-0.19896934360161422,-17.946844171336124,-21.193058044196405
2019-09-07,7.336908984132349,0.2759165033575222,-16.57636047438703,-20.716299907160202
2019-09-08,8.752272955668937,1.7886598693577311,-16.8629072926288,-20.212119344252397
2019-09-09,9.06072161880706,1.9806831129474785,-17.63202284701123,-20.981846555966563
2019-09-10,9.525112887490604,2.3140894633427846,-17.06010361356249,-20.71540734596122
2019-09-11,10.49539467066527,1.796019641223893,-17.581393997370924,-21.230701567158228
2019-09-12,9.922694169405222,1.065972254620963,-18.758270167789416,-21.878806149471803
2019-09-13,9.926145033547716,-0.08659244011953748,-19.2664724578047,-19.92206506282972
2019-09-14,11.315676405074672,0.3633295338599972,-19.717079765804034,-19.853065418109846
2019-09-15,10.477313419313361,1.1080834466991378,-20.113784145244814,-20.817633674214914
2019-09-16,9.337628095787904,2.230313821373607,-18.94172661779602,-21.817296374521185
2019-09-17,8.332296641189565,1.6385934218482978,-18.045534070335748,-20.22095947620847
2019-09-18,7.314426601014329,1.989385619528496,-19.061308016943567,-20.443628121399914
2019-09-19,6.886476350110019,1.9710988614109968,-18.09390174863131,-19.547579189482057
2019-09-20,4.211355809315493,1.3755351259685455,-18.08726496528002,-18.71068171454034
2019-09-21,6.024223282646025,2.3472206364420676,-18.605607732341472,-19.30070074402596
2019-09-22,6.222245679595626,3.093483507951692,-17.87622619702126,-20.842358863908775
2019-09-23,7.500768050055404,1.9665987148110602,-18.118834427493017,-18.297108523135755
2019-09-24,8.214275356449054,1.229077811244087,-17.55419479427359,-16.592132571104646
2019-09-25,6.729898670926002,0.43524479989792975,-17.123051098120765,-16.33873972690898
2019-09-26,6.402880070921636,0.7493240459046868,-16.453155256266875,-16.033065410938185
2019-09-27,6.459142303009655,-0.0793521243836639,-15.25982947753198,-16.47778649400535
2019-09-28,5.102456495614543,2.7409876001288653,-16.89436295588157,-18.007154025735275
2019-09-29,5.3995069408803165,3.508676237766473,-16.43323582100083,-18.46075639743216
2019-09-30,5.104682654125475,4.2319133684038235,-15.031234280794093,-18.055627325425437
2019-10-01,5.20593200241415,5.010279079822322,-13.125835632183598,-18.668166568544926
2019-10-02,7.120966113873405,5.422277655579752,-11.48818390679568,-17.83081484972461
2019-10-03,7.140965843310116,6.807508235820122,-13.080422396356667,-17.55361166263685
2019-10-04,6.376390202406878,5.974542080657892,-15.007306976428787,-16.672038750363477
2019-10-05,7.487830016724475,6.328055266098334,-15.383668693911064,-16.217469280456264
2019-10-06,7.063247424254597,6.723364937798555,-15.117435274521284,-16.27547732977204
2019-10-07,7.495168711346187,7.174542262162023,-17.256802149950804,-14.989185655016769
2019-10-08,7.563697118436956,7.669105300994588,-17.6832971735857,-15.274076525065787
2019-10-09,6.642604186822248,6.790997961529379,-18.511929694137812,-12.25100062702698
2019-10-10,7.768238751336326,6.8553594565038845,-19.31335230986968,-12.748360194144515
2019-10-11,7.028562334045605,5.506324197028016,-19.58467803310075,-12.199789917558524
2019-10-12,6.46563605365195,5.302656052738013,-20.70917578925603,-10.870207931104769
2019-10-13,6.955605513019913,5.952877251996586,-19.977932257471913,-10.95767305587043
2019-10-14,7.848861506286066,5.455913489131677,-19.502352973403074,-11.30573760088492
2019-10-15,8.032600424462899,4.869354243065748,-19.16260506996724,-10.935031248210962
2019-10-16,8.206979203481247,4.916597493343333,-17.218302877691197,-11.757793606028313
2019-10-17,6.83729813153065,4.867925651479902,-18.575605573337192,-11.072842788668153
2019-10-18,6.8884543745307365,5.86030750271731,-18.117243013370235,-13.0218691144996
2019-10-19,8.779704543483422,5.156286653394853,-17.85444058588639,-11.296569543530698
2019-10-20,9.364981589857896,4.593596881462338,-17.726629965189957,-11.732943783991987
2019-10-21,9.332069096333175,5.790201894580322,-17.080021200684108,-12.756724876772234
2019-10-22,8.285709144070804,4.53867123512504,-18.04462845899483,-11.844193089930618
2019-10-23,8.229080723873098,5.648263693965952,-18.96513898891067,-12.165931164693637
2019-10-24,9.428059013930543,7.099157168655734,-20.646172774313683,-12.368822037367334
2019-10-25,10.584522395951423,6.936337314650764,-21.89010502643917,-11.189867520965567
2019-10-26,8.866588755597565,6.223988078018982,-23.005657652843755,-11.90143397397039
2019-10-27,7.92583044455034,8.50787160307537,-23.432032990224887,-13.28595423665026
2019-10-28,6.971524941381956,7.985485863836326,-25.058152147292653,-12.63237385221651
2019-10-29,7.222730555923483,8.47712799465663,-24.592503025810387,-11.559677044871602
2019-10-30,8.967706780144733,7.145794083446253,-24.40420290870022,-9.701536769309747
2019-10-31,8.645001753993705,6.5594188325764495,-24.173047951794462,-10.464545641035512
2019-11-01,9.387503404137851,5.3083365989523195,-25.229654070334927,-8.97670209257678
2019-11-02,9.168850024877212,6.243244109685946,-25.67073901285552,-8.948743451548282
2019-11-03,9.805631249814555,6.639801719792107,-27.07653001346551,-8.888236949398287
2019-11-04,12.341977352301175,6.301542758868138,-27.233503448118814,-9.483835580012785
2019-11-05,10.957045346663953,6.786659394081963,-27.66348823091393,-10.897387130940471
2019-11-06,10.193012564950298,7.764243429002507,-27.379835989172356,-11.26717891115237
2019-11-07,9.56677062824332,8.064020957751543,-28.218444377988295,-8.566503352603563
2019-11-08,10.86905638148767,8.825193141859918,-26.932457177517577,-8.811144303823527
2019-11-09,11.73817356906284,9.094895087799427,-27.666530676783466,-8.698726409468149
2019-11-10,9.819787169763002,10.108711273121411,-27.914712672612936,-6.825479164213918
2019-11-11,9.596109668273906,9.979759711049809,-28.316050942171852,-7.305113771454179
2019-11-12,11.481446117874949,9.42029767481435,-27.01062405779622,-7.335463136619484
2019-11-13,11.222237624287883,10.504752536798689,-26.133484523239332,-7.834745915116946
2019-11-14,11.225419839796576,11.5194846208594,-25.420228852967625,-8.225911431221803
2019-11-15,9.404335083348519,9.295954065554142,-23.568530778889397,-8.02624929266722
2019-11-16,10.934113080559106,8.706418202054811,-23.172070957021493,-8.199989435113896
2019-11-17,10.644477690194071,8.564734121185758,-23.5278865617937,-8.918300568367986
2019-11-18,10.554568687137728,9.707027890578035,-22.82586798701577,-9.312531796185727
2019-11-19,10.849408517909119,10.59301958530348,-22.190746644108334,-9.144080519270643
2019-11-20,12.49181943311193,9.368820441748582,-22.619882654078268,-9.399079748562691
2019-11-21,11.197896320350818,7.831135587639107,-23.234745892037584,-9.596129515862911
2019-11-22,10.282240976077365,7.1008993130725955,-23.395097389247844,-7.134809027868435
2019-11-23,10.960693883107094,9.084113127034911,-23.702526599096707,-5.742442863976437
2019-11-24,11.545455048003232,8.408796051095283,-24.195029274003605,-5.415508893970298
2019-11-25,11.593227685509152,8.788603628692846,-25.92654871883587,-6.594704551099257
2019-11-26,10.673995205960594,7.563228559025414,-23.522659131074736,-6.165982348476384
2019-11-27,7.602498459861426,6.956008472288644,-24.79655458724354,-5.185361561453775
2019-11-28,7.155777705303067,6.560693083496171,-25.854503500119847,-4.379377532857881
2019-11-29,5.68285016608938,6.186369718409449,-24.963724251536632,-3.2943309043161895
2019-11-30,4.300555162422896,5.546285252726992,-26.177366529194863,-3.6019138721948134
2019-12-01,4.124301615300602,6.575820836454527,-24.451733133801064,-4.679467500610711
2019-12-02,2.8627751628510962,5.3845160026282,-24.659799067658703,-6.445791940025538
2019-12-03,3.872385742864493,6.224000974594485,-22.54076736457036,-6.553032304781695
2019-12-04,4.194227330386919,6.837736371486585,-22.883976176573682,-5.641986755819103
2019-12-05,3.9492731063721314,8.600896622992844,-23.535621954336882,-4.559048892065288
2019-12-06,3.9518140433785183,10.94030850216574,-23.694682366455257,-3.82634271118676
2019-12-07,3.607011852071987,11.193944768851859,-25.801950477833913,-2.7271625950565914
2019-12-08,4.445910647139425,10.915286320383734,-25.583276443767023,-2.5503164104151
2019-12-09,4.417676019095758,11.575945606921511,-25.79967630857015,-3.4666718896397293
2019-12-10,3.248431903730453,11.062578420748764,-26.86980467990367,-3.117963133126476
2019-12-11,3.80326064421567,12.279254573986481,-26.63672028484705,-2.2614961604634396
2019-12-12,3.2749017230812645,10.691916519360102,-26.29181042340166,-3.194068139092812
2019-12-13,3.147062687331611,11.261709512516664,-28.199929123316146,-3.2747828361153
2019-12-14,1.6169768196329835,10.851857063059498,-28.95126558291566,-4.5995405310446635
2019-12-15,-0.08546703938968747,10.384275870358284,-27.87306543240792,-5.19176354699931
2019-12-16,-0.10581871940875162,10.528772651001443,-28.53257896006512,-5.481117103567301
2019-12-17,0.42001749422802104,10.892349057879827,-28.510576046805912,-4.04561671000121
2019-12-18,1.2894036091992183,9.553842987092601,-26.823793577348106,-2.8732051018784466
2019-12-19,2.507396765655254,10.200445490651758,-28.963467967055628,-4.182583578928427
2019-12-20,2.4096434288535953,10.523275240475442,-29.596752319130072,-5.369678848702688
2019-12-21,1.0680633723676614,10.55844308505908,-27.210488068032536,-4.109017595275111
2019-12-22,3.8969998901093703,11.24143375198041,-26.330449275299014,-5.182560218347932
2019-12-23,3.9129653441619525,10.275445312474886,-27.517682725535984,-4.96520543980678
2019-12-24,3.939707437525537,11.717056770354997,-26.218228004321162,-5.775776732208518
2019-12-25,3.4132153516829944,10.46502173736307,-27.59825835874345,-6.740736461455421
2019-12-26,2.172511766910669,8.462684185165898,-28.526099302803413,-6.720446489013262
2019-12-27,1.8855967327642194,10.443467266268176,-27.523076146899996,-6.431450840722455
2019-12-28,2.309764758892525,8.907180400840288,-27.634770842191003,-5.147993760216583
2019-12-29,2.1121897344089606,9.769742185471491,-28.318202786714544,-6.639433532431724
2019-12-30,1.8165246858942998,10.012611809910679,-29.599933627599636,-6.809398327179805
2019-12-31,1.2432490194448464,10.293774974542494,-30.559758442763233,-7.8143556814314055
2020-01-01,2.0301174847326586,11.49019062337744,-30.751798651109695,-6.421822524494728
2020-01-02,1.264899106542253,12.996038658355726,-32.05099109956017,-4.302686231937382
2020-01-03,1.280395105175215,13.294874300593163,-31.285669308266908,-4.842224250641403
2020-01-04,2.5152164804597943,13.495880998567053,-30.331246061291303,-6.2017253314550524
2020-01-05,1.6531328600322552,12.942828657842828,-28.815742604375565,-5.922150368120941
2020-01-06,1.7632806951579987,13.516006920673552,-27.56314205974725,-7.286737059002601
2020-01-07,2.1930881958106347,12.54969844664962,-27.238101297745757,-5.764454922150745
2020-01-08,2.3197507340080605,12.413912395067918,-26.036296769051898,-6.079260560962947
2020-01-09,3.5427161757689314,12.306530117577818,-25.510345267318804,-5.8848978645165495
2020-01-10,2.662725193155511,14.653910516620902,-24.337682460957335,-4.507707858023285
2020-01-11,3.4219293066544765,14.39655633023687,-25.22096441507246,-5.040914355853566
2020-01-12,3.1937514479552305,14.004127049034917,-24.926541231403686,-3.2606958567954516
2020-01-13,2.563989020232202,15.11256650211952,-24.29461678756894,-5.462301068435789
2020-01-14,1.6232017179588065,16.466410118104786,-26.609022777913047,-4.885918014778552
2020-01-15,0.7377638491779838,17.450560892912502,-26.892918180288117,-5.8565966036224095
2020-01-16,0.045424682925866655,17.116592403692923,-25.59776748062054,-5.868554615640783
2020-01-17,-0.1381055920897492,15.372712022985958,-24.910604920788156,-7.401793005815111
2020-01-18,-0.6150491523344761,14.120706937433754,-24.810679860826237,-7.0679774968205304
2020-01-19,-1.041358851853531,13.451216332656328,-26.184957947705005,-7.127297091427551
2020-01-20,-1.249865051551443,13.532262825181169,-26.025382987541736,-7.25461647404053
2020-01-21,-2.041487449520189,13.530586614287042,-26.65359102010341,-8.73306949729988
2020-01-22,-1.3931923928592878,14.64873886709843,-26.644944534949307,-9.47710032901674
2020-01-23,-0.7152341996273055,16.21482357053736,-26.81689431723218,-9.827870666005657
2020-01-24,0.22644779757924538,15.08935235317663,-27.28632835699043,-10.637193657723277
2020-01-25,-1.6064594303656377,13.273158466716263,-27.157243621177454,-11.274424809118925
2020-01-26,-2.296633288161952,12.104062287568174,-26.5474770602396,-12.775783033229214
2020-01-27,-2.4727469284439354,12.092266835222732,-26.520709059017708,-13.958903958864632
2020-01-28,-0.9753107813101978,14.141091857378669,-27.011800668694796,-13.979011737515926
2020-01-29,-2.1182563574744604,14.894033932225476,-26.55517604029844,-14.648062269917359
2020-01-30,-0.6952586835998047,11.660538435172038,-26.06784012499422,-14.975976413877854
2020-01-31,-1.9714657113606942,13.393743729387628,-24.58683322481659,-14.158725561272263
2020-02-01,-1.6959352831083403,15.023098139320206,-25.109356116691973,-14.415853683124439
2020-02-02,-2.983879974965621,14.873117465487615,-23.834658878599004,-15.421650003963936
2020-02-03,-2.577015176213365,15.01879387703626,-24.446080839446186,-16.37846028242791
2020-02-04,-3.490217541265568,16.04922322810528,-23.7842568990509,-15.86119924296462
2020-02-05,-4.6165207899987974,16.60794879375016,-24.076943838803203,-15.320187780251464
2020-02-06,-4.874931574393236,16.29106468474731,-25.949858109743385,-15.807889118115797
2020-02-07,-6.615689891339336,16.063349803508753,-23.75653792071283,-15.466785900575529
2020-02-08,-8.970944281573333,17.448289055528807,-23.440193347188426,-15.104199140683884
2020-02-09,-8.676109235644729,15.30802113312246,-24.1761478185689,-15.327187540470218
2020-02-10,-10.723494306977834,13.519969704390395,-23.133334390421084,-12.671607695211627
2020-02-11,-11.887686460557369,14.212076480311232,-22.91742684680553,-14.186587943826197
2020-02-12,-12.702988324948931,15.567410420783728,-24.69008951823866,-13.401806212208136
2020-02-13,-11.505467751253992,16.584163741838456,-25.88678615354165,-14.096917776081948
2020-02-14,-11.574330768543765,18.16217836608668,-26.62171700976289,-12.804331270670996
2020-02-15,-13.357545479367616,17.263945180835872,-25.75412656786803,-13.195813503141277
2020-02-16,-14.349396627308673,17.05599387619868,-24.54857823983626,-12.297647752709311
2020-02-17,-14.40969793268534,17.91992798100477,-24.10724588678162,-11.835744098789041
2020-02-18,-15.071383938560574,17.778140528797973,-23.804643021520437,-12.611015157715615
2020-02-19,-14.65676376825974,17.73801181198704,-23.332529576852995,-12.202411256070924
2020-02-20,-16.929932856197617,18.17359270087101,-21.379883459577993,-11.789092157315178
2020-02-21,-17.268649736155968,17.97203553650924,-20.146931773679107,-10.214131183602248
2020-02-22,-18.296776119660553,17.819828893659476,-19.61209438750506,-12.333652791961041
2020-02-23,-18.22437823508033,18.645667415397988,-22.03085329153536,-13.106216182820415
2020-02-24,-17.140519863983386,17.979737039411916,-21.09388494412088,-14.565279558205082
2020-02-25,-17.167953285556763,17.126729310505823,-20.15064704160734,-13.49378440400997
2020-02-26,-17.296634923702243,15.873769164798816,-20.16284667677137,-10.814767622169724
2020-02-27,-18.87090138857771,14.025954531441265,-21.28685593064229,-11.859888379491363
2020-02-28,-20.253571392757063,14.21740757130126,-22.510449558285924,-12.57146332225284
2020-02-29,-20.50135964311246,16.25341042093829,-22.434622276423635,-12.20768857880273
2020-03-01,-20.580217694597124,15.972829397850703,-23.10682200203837,-13.097409788628779
2020-03-02,-21.76053898630024,15.009487930569044,-23.58466338818108,-13.885288668444769
2020-03-03,-21.575009823547653,18.5017353604669,-22.863389320390073,-12.625279927559383
2020-03-04,-20.217978783100964,18.01745428844836,-22.250774660143993,-12.255635284072802
2020-03-05,-19.171101362166826,15.78322894094693,-22.248717377256334,-13.115943226949733
2020-03-06,-21.01103108018444,16.17733184835476,-21.49033036385606,-12.871873389516496
2020-03-07,-21.905826667713544,14.933289937616054,-21.727777201930955,-15.043949787892599
2020-03-08,-20.284572995640485,16.22934572362173,-22.162090366616756,-14.253382594681055
2020-03-09,-20.857539611138577,14.766382074733064,-22.922464516933342,-14.284743749676553
2020-03-10,-20.718742052560504,15.181155151549229,-23.25093709790163,-13.905397981426624
2020-03-11,-21.255333712010103,16.64984872038563,-22.621918355013584,-14.750619388089136
2020-03-12,-20.771271118997113,17.88407438052803,-20.954397399111325,-14.103024720370138
2020-03-13,-21.605163372301767,19.260500264814176,-19.725233801572223,-14.954962798038816
2020-03-14,-22.82900670573096,19.036542337003663,-20.125103587803014,-14.830627620357534
2020-03-15,-22.482003800234008,19.903616920444403,-20.336115729820175,-16.29947722931545
2020-03-16,-22.685723494536695,19.537881619090513,-20.652469083229224,-16.485283681548978
2020-03-17,-22.560542180195352,20.578492459137376,-20.348203306905013,-16.60722676583812
2020-03-18,-21.835004552185875,20.93063740410471,-21.103436028708618,-16.807736859171644
2020-03-19,-20.465130208530322,22.247851378486253,-21.5067341017069,-17.591939005105374
2020-03-20,-19.555896251699345,19.883031007320866,-22.298770652467407,-17.895260728157357
2020-03-21,-19.626188885462394,19.578029100434907,-21.108675409380997,-16.56549302411935
2020-03-22,-18.94560037969102,20.083358344251067,-21.046866163616272,-14.621367928085894
2020-03-23,-18.084690597086922,20.94342893691184,-21.58258417501647,-13.646602830260331
2020-03-24,-18.348783138707365,19.799847143659647,-21.33877284020196,-13.875111499078926
2020-03-25,-18.580072134670026,20.2854975451818,-20.996834770127805,-14.822443010011549
2020-03-26,-17.135156037624416,20.0959378773796,-21.07267858660823,-13.765568781827458
2020-03-27,-15.962250139155435,19.217923618721677,-21.32149362389519,-12.730712082460991
2020-03-28,-17.682179448614104,18.78219354564351,-22.438845299548955,-12.726665000581418
2020-03-29,-19.012430156809437,20.784989949505782,-21.92691103477973,-13.413721293658405
2020-03-30,-18.130627260385626,20.80214307190269,-22.459937919276904,-14.52225571692728
2020-03-31,-18.70956109363186,20.722405804259235,-20.811739139231058,-14.11230395463021
2020-04-01,-19.132745848412622,18.85396781271962,-20.157547684270725,-13.98620534314279
2020-04-02,-19.276510916246004,20.286440393490874,-19.744365839990042,-12.991656692322822
2020-04-03,-19.998604700012333,19.345772732484598,-19.486003787496475,-12.202306658598962
2020-04-04,-20.21722028488778,20.05621338615233,-20.260528964445687,-12.67640595662237
2020-04-05,-19.799272232846015,20.950970478204887,-19.165404611225917,-10.36249271717103
2020-04-06,-20.265088219143557,20.545133412190072,-18.776627173900167,-10.285755069322974
2020-04-07,-20.905376680275044,21.460644289024295,-19.020773100101543,-10.20797465065635
2020-04-08,-20.54357828825465,21.763286884138996,-18.704067801883237,-11.598339482303876
2020-04-09,-19.669983065207216,22.004343899318336,-17.629879267946677,-12.6041386258606
2020-04-10,-19.202911405244826,23.16856665472727,-17.27617444958902,-11.59614439033018
2020-04-11,-19.699133937217358,23.718506577315644,-17.270463820206587,-12.588566953273457
2020-04-12,-19.56257076010349,21.78548602321697,-18.231603859942634,-13.035616616733334
2020-04-13,-20.21715742887488,21.90863233239747,-19.55325946562068,-14.993225002033572
2020-04-14,-21.66876741556643,21.847735693468437,-20.573072288312353,-15.010657130611632
2020-04-15,-20.133522237921532,20.81879759593565,-19.31802614799589,-16.768904247904633
2020-04-16,-21.426591315612264,19.466372425452366,-19.50673062765751,-18.172957952024248
2020-04-17,-20.706516102673223,18.205021139796425,-19.582068298262406,-18.896897951384453
2020-04-18,-20.74229364725077,18.253739918431048,-19.72628830598941,-21.229216814236153
2020-04-19,-20.578062835677667,19.297566324185116,-19.53501169172205,-22.38863247551464
2020-04-20,-19.05878993102415,19.836790201776513,-18.575454975804323,-21.710692921824446
2020-04-21,-18.600619823181756,18.87008046262398,-17.828140414374985,-21.635349678410986
2020-04-22,-18.862492397945033,20.735337076813206,-18.58224683318514,-21.29394629426158
2020-04-23,-17.762540784057805,19.455485402580017,-21.405121520350892,-22.504563980526353
2020-04-24,-17.864620441103288,19.180724828234734,-21.294753710969136,-21.710118922189228
2020-04-25,-17.772808502295952,17.130017326687867,-21.25793119581763,-22.1024473465825
2020-04-26,-18.495567213622213,16.42704753948342,-20.218158810692135,-22.18362342663409
2020-04-27,-17.95911251955595,16.748901674621244,-20.718632116113003,-21.604772302726584
2020-04-28,-19.487240676566845,16.54988337539331,-20.66929642134741,-23.046881905265757
2020-04-29,-18.79881254263545,17.11566367501914,-21.4035095883133,-23.690673512747672
2020-04-30,-19.936583655521698,17.352663604653845,-19.91967598004492,-23.017209226373094
2020-05-01,-19.315102534951897,18.18996347419621,-18.697089473174753,-21.291124419190478
2020-05-02,-18.777807242088542,18.264532685570945,-16.49510786789663,-19.813040204948575
2020-05-03,-18.47315458898741,18.299392338578294,-18.44004325878618,-21.01097596190389
2020-05-04,-17.274709393053882,18.025101607528157,-18.283590896894943,-20.528948950127717
2020-05-05,-17.38346908529657,17.63504142289126,-18.564356463871032,-21.021301745917267
2020-05-06,-19.056379988805613,18.6296273434659,-19.556469832024572,-20.602882996298078
2020-05-07,-18.381188772659822,17.68597394962998,-19.805056846601254,-21.373862887416948
2020-05-08,-20.319778199171623,17.713364122151912,-19.677862176333132,-21.370374798740336
2020-05-09,-19.176811692200044,17.8395504161936,-20.340449788120758,-20.42579757580945
2020-05-10,-19.395311346100204,18.005261319755547,-20.567130949055723,-20.145099884151094
2020-05-11,-19.73005382114677,17.38467378517493,-20.105576520261682,-20.807192050701705
2020-05-12,-20.43502377103699,17.745156228779674,-20.916433014778164,-20.67248811920431
2020-05-13,-20.629947459035836,15.248438467753985,-21.163841251161763,-21.020412544684586
2020-05-14,-20.830050954258244,15.511246533497246,-21.223604743752787,-20.838651816319253
2020-05-15,-20.315787557429065,16.41673238926436,-20.706068893959532,-19.954286930068402
2020-05-16,-20.440843555565493,17.534875527543193,-21.499381473972687,-21.72240750537867
2020-05-17,-20.879233711970205,17.87877656640857,-21.332103404432026,-22.446958952347558
2020-05-18,-21.506710808954946,18.444445559435586,-21.710614887469617,-21.0105701317696
2020-05-19,-22.211772893427103,17.624607465126427,-22.06228971669826,-22.711267459369267
2020-05-20,-20.440210050657,17.569347478939868,-21.862575625202908,-22.81381836730961
2020-05-21,-20.32788296110229,16.962274452693947,-22.45694208431566,-23.955741479434593
2020-05-22,-20.52547264568435,17.50229985824785,-21.89387692727579,-23.76179077147875
2020-05-23,-21.649720846573302,16.893355620619726,-20.587222535209083,-23.53819857972503
2020-05-24,-19.24278831867788,16.063294656982325,-17.267103500887263,-24.215561182579346
2020-05-25,-22.37317030546194,15.31522669778206,-16.596675212934226,-23.714231582514255
2020-05-26,-22.1253302073795,14.917259485248902,-16.087860814492572,-21.964802047542015
2020-05-27,-21.167204989012305,15.134080783678254,-15.46402113785949,-22.559588915235558
2020-05-28,-20.308815002868084,15.105010180042147,-16.766530342042934,-22.86717634381913
2020-05-29,-20.93019937341286,15.494766472388568,-16.787833966751712,-22.77413292644637
2020-05-30,-21.258374471965585,14.411016581882471,-16.40374834885168,-22.55984546493819
2020-05-31,-22.113301038704797,13.970989418698,-16.913463388595645,-23.137728773507522
2020-06-01,-21.76190992008225,13.055045432661565,-16.914586605723528,-23.79518660575617
2020-06-02,-21.079674725617977,12.378572344419723,-15.315031211653473,-25.839971749031548
2020-06-03,-21.540204870776744,11.404949559803027,-15.264465780084777,-26.34001392512493
2020-06-04,-20.832091123914452,10.887956373427524,-14.390561519819846,-27.212753296694412
2020-06-05,-21.63300009144647,12.133761156218938,-14.378436055198632,-27.67753043870813
2020-06-06,-21.911188289950775,11.716189152135929,-13.824859076258404,-27.67302042039945
2020-06-07,-22.517847620807306,11.693455435063788,-11.942254528974225,-29.4656979894457
2020-06-08,-20.83452125351048,13.352146127047577,-13.654839951782236,-30.55898548566091
2020-06-09,-21.445914144811653,14.502364357428586,-15.407414924366154,-30.54741198583346
2020-06-10,-21.819868109118424,13.196249241734568,-15.301988942695274,-31.286628895923872
2020-06-11,-21.081640035749977,13.199946757191926,-15.591891320109484,-30.248195406711336
2020-06-12,-19.96786470662208,13.519967043454656,-14.200640602084277,-30.957519448955264
2020-06-13,-19.691043370302236,13.449734528913414,-16.301073393305245,-31.623730715724765
2020-06-14,-18.507455762266474,14.482150968681514,-15.891241208461329,-31.19949910898786
2020-06-15,-17.971667524965707,14.587151331102504,-15.464102609345831,-30.70277081674367
2020-06-16,-18.63643940152986,13.603362794639429,-14.210398148561577,-29.697237105026474
2020-06-17,-18.70590063850499,14.346530960849519,-13.757193450678223,-31.630578543398965
2020-06-18,-18.841881629335223,15.183913898762938,-14.331555240702302,-32.61937101881142
2020-06-19,-19.099406832350926,14.93792219025645,-14.151224885397058,-32.17186135623214
2020-06-20,-20.561662161733906,16.03559812023932,-13.56974521433441,-32.797734925456794
2020-06-21,-21.65693859090431,16.811748574547586,-14.940372854010514,-33.646449770526246
2020-06-22,-21.058403697879026,16.13401786945278,-15.33700772013119,-33.51315551660684
2020-06-23,-22.331999165891133,14.696373141009065,-15.659418270936513,-31.89215621973217
2020-06-24,-22.869181694918318,15.842931050442987,-16.02976689979468,-31.317838055292416
2020-06-25,-23.83889039144216,16.511693490472474,-15.451748428226418,-32.113611213411694
2020-06-26,-23.2853308875471,15.482045895332819,-15.056515291546384,-32.649489075468004
2020-06-27,-25.25048503644426,14.58887631811672,-14.286620337521226,-33.56187097802054
2020-06-28,-25.12466488097937,14.714549211319117,-11.043195864749306,-34.977231872163586
2020-06-29,-24.077664554963654,14.759940207600957,-11.467910486134194,-35.048445029923585
2020-06-30,-22.24623588729574,12.964048596060776,-11.163693958015537,-34.61670006887931
2020-07-01,-23.227049390429762,13.859714194358094,-10.506476143221466,-34.942639192540234
2020-07-02,-23.518712430742813,14.24603783861329,-11.642646819441982,-36.01411785635255
2020-07-03,-23.99465928984462,14.19093667785573,-10.521145635797016,-36.313480109205784
2020-07-04,-23.518875173572425,13.680952068314689,-10.368621940443658,-38.699263435581834
2020-07-05,-23.780014796177873,14.10230179447878,-10.526270486307226,-40.21549184434611
2020-07-06,-23.04366066640648,15.952124852317489,-11.92721980800194,-38.616161050494235
2020-07-07,-23.556898378053848,13.343703759892707,-12.58825378590204,-37.53425720695286
2020-07-08,-23.02583755748198,12.935055283946728,-14.179449959909519,-38.0214834021763
2020-07-09,-24.51248383543886,12.976755917909632,-13.056379828235603,-36.9294611414873
2020-07-10,-25.353881402270478,14.560322482725073,-13.062934076717436,-37.40885602531717
2020-07-11,-24.758878285130386,15.101753478917487,-12.501765822337758,-37.823771985928374
2020-07-12,-25.43359305779416,16.279848946718104,-13.179313736489958,-36.85365717336573
2020-07-13,-24.859367647942168,16.298865174966593,-13.503294855107802,-37.79497477018775
2020-07-14,-25.358867127435698,15.211706002406041,-11.757882474891982,-38.81236667665537
2020-07-15,-25.712924755574324,14.37765075900855,-10.330191071962382,-38.505747445754075
2020-07-16,-26.89793023022205,15.97805758624968,-10.765936106467457,-41.083652678546386
2020-07-17,-26.79087900742625,19.065616991622385,-10.012899213750986,-42.822980092269866
2020-07-18,-26.07995363428912,19.667363765189062,-9.577156392709965,-43.06277741716772
2020-07-19,-25.265793408403063,21.11830858804513,-9.85240293282455,-42.34026998809998
2020-07-20,-26.104834417942463,18.890126533731113,-9.584319936992957,-41.93681691797052
2020-07-21,-24.130518141641645,19.022620762311266,-9.367777153458874,-42.09927289956633
2020-07-22,-24.356096214989577,19.311473917339107,-9.320012602554108,-42.502966819562886
2020-07-23,-23.42351396892485,17.53866404657332,-9.21229028101022,-41.34403471258182
2020-07-24,-22.242945503710153,18.2080720900011,-9.003764266736777,-41.309836794385475
2020-07-25,-22.753508811950432,16.129264360820606,-11.454785070448768,-41.84270068259725
2020-07-26,-22.43409026162658,16.505608295059922,-12.164582875442644,-42.21710452758012
2020-07-27,-21.74524600572757,16.83491453941297,-14.716062623713903,-41.50130966506954
2020-07-28,-21.320526466694805,15.851166426718324,-15.093808589677,-42.353691489227295
2020-07-29,-22.454313993681417,15.689171408800878,-15.719945767442136,-41.98394435185426
2020-07-30,-22.693034278553995,14.714215799678634,-15.375083035051887,-42.612318150205084
2020-07-31,-22.428978217666252,16.124137326216708,-14.714617594893314,-43.07027457496315
2020-08-01,-23.378075805570813,16.79107129562498,-15.27117267572241,-43.08865943057275
2020-08-02,-23.310739328402427,17.295454845651655,-15.990476424540741,-44.74388036023609
2020-08-03,-24.453200779644472,17.5942703563988,-16.34558979410665,-44.2781148958431
2020-08-04,-24.37371866043862,17.92840662992453,-17.060123304771327,-44.67215473600257
2020-08-05,-23.912319917096916,18.614487758360287,-15.148889148952941,-44.458356906743695
2020-08-06,-23.619013510878876,17.783596763420476,-17.10621610230244,-43.6831611355724
2020-08-07,-23.981279888590116,16.8854426569576,-17.541148542743144,-44.35051655364508
2020-08-08,-23.161450260438077,16.849883293475248,-15.166088024715476,-43.454222241901846
2020-08-09,-23.194528561044848,16.35818628848373,-15.67358911299942,-43.61832053471134
2020-08-10,-22.7989888425805,15.026584928058938,-16.064841828195696,-44.588039975536084
2020-08-11,-22.04986418620928,15.906427780559875,-14.648751191691943,-44.819793325841566
2020-08-12,-21.38503503053358,15.574507271073303,-15.70741501633548,-44.42837374237508
2020-08-13,-22.067984478736015,15.997676108098098,-14.83946812103771,-42.92885118256198
2020-08-14,-22.56251773273008,15.710726208824472,-15.993102851615626,-43.52016475721254
2020-08-15,-22.91926745589305,16.14502715261117,-15.087573360851284,-44.45605402602182
2020-08-16,-21.539721161290142,13.647778446378453,-15.280749223522447,-43.72190033424285
2020-08-17,-23.930385259158722,12.362245724882083,-16.50830531789933,-43.550003836359636
2020-08-18,-23.507720197113414,12.528153660578438,-16.188869625171968,-44.753962732662906
2020-08-19,-23.18378191218335,12.079597678228769,-15.799871472539108,-43.8275287118962
2020-08-20,-24.572578352573853,11.42876517143487,-16.32907164981505,-43.328712597553725
2020-08-21,-23.79726605434633,10.811090207149235,-16.28093510378805,-41.74138135188778
2020-08-22,-22.461543235314434,10.06757603934107,-15.182642330384072,-41.44399323771124
2020-08-23,-22.358027762556198,12.031746811360138,-13.523215702328871,-40.92934938289467
2020-08-24,-22.057387672848797,11.475869768825685,-11.915652337226536,-40.630100684535634
2020-08-25,-22.730689027243734,11.872603770503522,-10.93081850151166,-40.856755464631156
2020-08-26,-22.54221392484226,12.58167590753552,-11.54787497474554,-41.826628311609525
2020-08-27,-21.238081307896326,10.870563331719897,-11.462322701222265,-43.76103546289908
2020-08-28,-21.197581465329556,9.966034965302127,-12.969967496502097,-43.52092305406314
2020-08-29,-20.97259131345344,9.173321169269732,-11.947262860421061,-41.44616592977067
2020-08-30,-21.109490326282565,8.356825700864732,-12.170486036461517,-41.29995280969544
2020-08-31,-20.667424610488737,6.404460308816881,-11.80868507792667,-40.49859600981848
2020-09-01,-19.667271463566493,7.990871540672149,-12.731895013560239,-42.34145776417853
2020-09-02,-19.41068901767002,7.078771011752573,-12.145591737999903,-44.006819494075096
2020-09-03,-19.03029174847431,6.478806345965628,-12.501599740148185,-43.32179679412975
2020-09-04,-18.138126673560542,6.106159799830543,-13.017969954948853,-43.20869688558759
2020-09-05,-18.63203125992274,4.530977640645762,-12.322437985260178,-44.049016144231736
2020-09-06,-20.005202861916057,5.410899317692959,-10.946377683902824,-42.997972297522395
2020-09-07,-19.832105195613803,5.875879501779864,-10.619170679682881,-43.31831863078195
2020-09-08,-20.73186937776483,5.2119453207997,-9.317408323450504,-42.82914516206375
2020-09-09,-18.760339675955088,5.15578684325,-8.304686973989966,-42.78926601400064
2020-09-10,-18.579615446453765,3.7463404040035004,-9.386812668737289,-42.75574065895546
2020-09-11,-19.431024788550143,4.507492414893716,-9.140854545735705,-42.20319701633177
2020-09-12,-19.287258421356864,2.355936247985508,-9.299524200536633,-42.44683823756874
2020-09-13,-18.217414827805396,1.865436743479016,-8.924419226639648,-43.16479925180468
2020-09-14,-18.077813500249345,2.196477184664528,-9.316620316544833,-43.99540938995084
2020-09-15,-19.93784309577354,2.1056813314308496,-11.34614683868752,-45.059408899500816
2020-09-16,-19.734652170932375,1.4663929275591852,-12.437154216922256,-46.656951473131
2020-09-17,-19.31240330057555,1.397949131150122,-11.108241549554176,-46.05604687286033
2020-09-18,-19.915080954367248,1.213639430402684,-11.24026091118634,-45.57530101852013
2020-09-19,-19.56875407955312,1.710648361383717,-13.359556132113166,-46.11286226674619
2020-09-20,-20.73711748707116,1.1857613596547136,-12.577960557371245,-47.599761748259276
2020-09-21,-18.31421075274353,-0.4122461228865293,-10.889829407694647,-47.90419280524978
2020-09-22,-18.533358407697623,-1.1140356304779178,-10.472066524519942,-47.397866052949
2020-09-23,-18.44407181825383,-1.4341397789604655,-9.901700930101223,-47.9391533149186
2020-09-24,-17.80668045511294,0.06813185352646367,-8.898765861513956,-47.29193541405517
2020-09-25,-17.23856698126326,-1.2060700740424237,-11.061833202567907,-49.24703578251774
2020-09-26,-15.90361657539803,0.2791857242415243,-10.172081365779084,-49.1399957279212
